1
40
5
0.08062506928963815
-0.06539677493995136
-0.4008703028449082
0.9280744079661738
-0.6145404706911677
-0.014497850124596425
-0.39819021211523903
-0.5033876865011874
0.5421216923849286
1.5666883217232856
0.13002270227234142
-0.6290022066133827
-0.09315638011328667
0.45504872560345583
0.4594815649370112
0.025232834416083403
-0.18499966760110062
1.3590097413916011
-0.06891805720596361
-0.930334912442881
-0.11732795282394178
-0.5375465734674986
0.6837117812266225
-0.030322960545608228
-0.09971942644764893
-0.016678902180306873
-1.5446479899765961
0.07784547552216413
-1.3261399928370847
0.1951562964831906
0.6018033147051739
0.3728745691448358
-0.9888328475335163
-0.8477313688785678
-0.032812964431479935
-0.04879048234776576
0.08401442914418354
0.00420389966826119
-0.05209166595642068
-0.1724656492867455
-0.4120774815972745
0.10884975858867052
-0.04439781763777153
0.1029200648772551
-0.10825485413707955
-0.08382435864716488
-0.03589106814483348
-0.05378518260961359
0.03981659087286457
-0.10407690276974994
0.08708076664907931
0.06904593730856301
0.04194814576888397
-6.093894647731526
-3.6092336714702187
-0.27778022911155786
-5.047592852260629
-2.054047535446217
-3.7368549694877267
0.6071963687877265
-0.6974500626895588
1.7304711356053624
3.143549324636703
1.4472413429896434
1.0508877896975208
1.178625967242422
-4.862477277742547
-3.6190224322007065
-0.1777770607512795
-6.9973582716158775
-3.1795165830152414
-0.031431313214313736
-0.0046422415274561145
0.006550789138647192
0.029170713264909602
0.03302654536731653
0.01210719195274225
0.12188089968065585
-0.032336342115241695
-0.9858868523116333
0.28234843004980065
0.1337353032110695
0.059551322329987916
4.400296011719943
0.5540586984802401
3.953230204394622
2.142365204744291
2.6603236801838848
-0.5058451331957824
-5.976167058947149
-1.6180627765143154
-3.461871760125195
-1.9141801761328885
-2.885294569048569
-6.361592524909117
1.5969766053952905
-9.09638810640286
-0.05036565972462639
1.2928481389513027
-1.6710858024491193
1.208263302335451
0.10941076952090689
-0.07171933585744567
0.24907245917467905
-0.15403805990040345
-0.10758464334785552
-0.06809139992995558
-0.7098155216675406
-1.9434528173026475
2.9446405742037203
0.3424693189309028
-1.2196353983135622
2.226842990350533
-0.18992243320701832
0.05172514608476078
-0.07900381516647637
0.1270063134561669
0.09211461941499417
0.012210640495915605
-1.7716861794556902
0.18508594351068658
-0.5520999075524738
-0.2581585963651616
0.8191582335212797
-0.8637610689636581
-0.6556595768019977
1.7571084554186174
2.3511369421432513
0.47316422203477526
-2.600100380061798
-0.21136535210310797
0.0431622046744406
-0.01713457507405751
0.061948541885319855
-0.01800707428684621
-0.001091551763726872
-0.0033013179056924995
-0.11545303141959849
0.06838136949479139
-0.43834919757022245
0.1884695568111464
0.11640396480706929
0.08822223241016944
1.6785057308567284
1.0676959748207309
-0.47898781330518925
-1.319352926184558
-2.5110880123456094
-2.1472247518459113
0.009308345194814683
0.06757947089526342
-0.20254353602495181
0.06105896301676364
0.02920503357754967
0.0547359620120094
-8.198010993531613
-0.39286645321308006
-0.08722101150502755
1.8233325173876425
-0.2104611694387554
-4.411526539769379
0.053220873851338946
0.0857385267754989
-0.34342339114744996
0.11082010512110685
0.0613124153793843
0.10546650255270627
13.538797284709519
0.2148733089663719
-0.16957058838277853
4.776295158731903
1.7478644421816902
-1.2115957169933207
-2.670719456945054
0.4111213843840134
-0.353221069256519
-1.8106537149256505
-1.808114301759963
-2.401639972211257
0.049132076666963446
0.029229190589720466
-0.12564341308035656
0.022805508477024655
0.010189696560092224
0.044311362654305866
-0.11529876827119118
0.05872528138327339
-0.1749700043090623
0.1173066108640061
0.07956177466295355
0.045346100080504693
0.017893848104385
5.444101966563744E-4
0.006091388490163335
0.04693251866810038
0.05889239143244513
0.032663110293275684
2.9536248116395183
-11.727910100003536
0.015963223123821958
1.0034648706577272
-1.2403626265452974
0.7310272120295461
0.07597722288294834
-0.04746862705882498
0.07722647286756792
-0.12140051196341971
-0.10655511287119045
-0.044837556036033836
0.5283864395838398
-1.655569835765812
3.2995973638696583
-0.8300353827471365
-0.8465873952427246
-2.041290529630955
0.10977437794561114
-0.07831104438689328
0.4369235726190326
-0.2109273956922334
-0.1405787227721076
-0.09327284465583964
0.4167367540550538
-2.9509170099819677
1.926389503362346
-0.6958126057061192
-0.34245484187819974
0.9574074174998256
3.825425598973686
1.0334066391939132
5.292037492293448
-0.07477307802065804
2.071008741245158
3.2779324178281897
0.24655821376588857
2.4458438266790092
0.3018649191750582
-0.3869838416145992
-2.5611881107839403
-2.3375985438939395
-0.9970443781635266
4.023007868201699
-5.009501269136782
1.8593245349521141
1.2706650432415019
3.9493877026126922
0.005246736884831924
0.03941326443876821
-0.10656323179632102
0.024872369387398768
0.004637354309951535
0.021241390270092534
-0.04217749852436793
0.03521977062691081
-0.11827757931269543
0.045970529697337184
0.02147331971316771
0.02377157675789632
0.06269647173847823
-0.05434908794748155
0.1447183527566904
-0.10791483874358111
-0.08236599045312823
-0.05227430914791691
-0.04259921569105804
-0.004517283223588813
0.04812567201171494
0.0011865917684369125
0.001083765818566148
-0.0221215255299975
-0.01314300912655357
0.029550194411549633
-0.08673053399369603
0.07591442100939425
0.06770291858397484
0.048388201831001156
0.17094468495493514
0.14727175383240218
-0.5509496102168986
0.1044014344532504
0.021368942313569384
0.162398118041844
